I=[0 -10 -1 -6 -4 -4 6 0; 2 -7 0 -3 4 -3 -7 -2; -1 9 -3 -10 8 -3 -5 -4; -7 5 6 5 3 4 0 5; 10 2 2 10 8 -9 -8 -5]
F=[3 7 -9 1; -2 3 -4 10; -6 0 -2 5; 0 2 -2 -4; 9 -5 -2 -5]
E=[4 9 -4 8; -4 0 7 -3; 8 6 -9 -10; -1 -10 6 -1; -10 7 3 6]
K=[6 0 7 6; 8 9 -6 -3; -9 8 -8 8; 6 3 2 10; 5 -10 -1 -1; -1 -10 7 -3; 1 6 -10 -3; -1 9 -9 -8; 6 8 -1 -7]
B=[-4 4 8 -7 -1 -10 -2 -4 5; -4 3 -9 -2 1 1 9 -1 -7; -7 10 9 2 6 -2 9 -2 0; 4 0 8 8 -3 -1 -5 10 -10; 7 -3 -2 2 -6 0 10 9 -5]
T=[-1 -2; -2 -2; -7 4; 9 -8; 1 -5]
J=[3 4 -6 2; -3 6 1 -8; 0 1 -8 7; -2 -4 6 -5; 2 7 3 10]
A=[8 9 1 -10; -1 10 -10 9; 5 9 -8 0; -10 9 0 2; -10 -3 -10 2; -4 5 10 8; -2 -5 0 10; 3 -10 9 8]
D=[6 -3 10 1; -10 -9 -10 -1]

B*K-T*D+E+I*A+E+J+F-J
