10 9
15 88 5 -100 39 92 -36 59 -100
-53 -39 -43 51 -14 -99 -20 82 66
-40 71 65 -100 56 -38 -45 19 75
-71 99 -86 -94 6 28 71 85 44
-43 75 -36 54 -85 44 -10 56 95
-55 -48 55 -52 -70 -31 -67 -36 -81
50 5 -42 43 66 -50 -34 87 -69
73 -52 94 76 42 29 60 -71 24
-55 27 -11 79 -11 87 -81 42 8
24 -80 100 -97 -67 74 -54 44 17
-
10 9
-35 -79 -15 40 19 43 17 47 33
-68 78 -38 31 -82 -78 -95 -2 26
74 -67 -40 41 -39 9 26 -47 -3
-16 -98 95 -6 57 41 -98 34 -85
-89 -90 -61 72 49 33 -77 94 -3
-99 -54 -74 99 -44 23 -20 73 -20
38 -58 11 -32 -7 98 -22 -95 -56
18 -45 57 -73 40 -96 -20 97 5
-88 -22 -35 35 -52 62 -78 -49 43
-95 73 -62 46 -92 2 -78 -21 -52
