10 4
8 5 -6 -3
-7 4 7 2
2 8 -5 -9
-8 2 4 8
-3 8 10 9
-4 -2 7 -3
4 3 -2 3
-3 10 -8 0
8 -7 -2 -5
0 2 7 -6
*
4 10
-5 2 8 0 4 7 -3 -2 0 -2
-1 8 10 -7 1 3 -6 -4 -7 6
-5 5 -7 -1 7 -7 -3 1 -4 2
5 -10 4 -1 -1 6 -2 -7 -4 7
-
10 10
-4 6 -10 0 -4 -7 2 8 -8 10
-1 -5 -4 1 8 -1 0 8 -4 9
-2 -4 10 10 5 -5 6 -6 7 -9
5 8 -10 2 9 2 9 -4 3 0
1 9 4 5 -9 9 7 -4 0 6
-8 7 9 -4 -3 5 4 4 -9 10
-9 -10 5 -8 -7 5 -7 -8 5 -9
4 7 6 6 -9 2 -2 4 5 9
6 2 0 -1 -10 0 10 4 8 -3
4 4 -8 -5 4 3 -3 -10 4 -7
+
10 3
5 -7 0
-2 -6 -6
9 -2 7
9 -2 -5
-1 -1 7
-9 -5 -6
-3 0 5
-3 1 7
-5 3 5
-9 5 -5
*
3 10
-10 -6 -5 -4 10 6 9 1 4 -7
-6 5 -1 -8 -5 8 10 -5 0 1
8 8 -2 4 -6 6 -4 -9 -2 7
+
10 10
6 -4 -9 8 8 -8 -4 7 0 5
-8 -2 -6 1 5 -10 -3 -2 4 -10
2 -9 3 -1 -9 8 3 -8 2 8
1 -1 -2 10 -8 3 2 -8 -5 4
-7 4 -4 10 -10 3 5 6 -7 -10
-9 0 -6 8 7 -6 7 5 3 3
-9 -8 -10 6 -10 -1 -3 2 3 9
-6 -4 -8 -5 4 -4 -9 -6 9 5
-2 -6 -5 -3 3 -10 7 -8 -5 -9
9 5 2 4 -3 3 5 10 -7 5
