1 7
-5 4 6 7 -3 7 2
-
1 10
-3 -6 4 -8 -9 4 -9 10 -10 -2
*
10 10
0 -1 7 -1 4 0 10 -5 -5 2
-1 -2 -3 4 -10 -1 -4 6 0 9
-6 -8 -7 5 1 -2 -10 -3 2 -10
1 7 10 5 -4 1 4 -6 1 5
1 -6 -6 9 -8 -2 10 -7 -2 -2
-5 8 -9 3 8 -1 9 2 5 10
-1 8 -7 2 -3 -4 -2 -5 8 4
3 -2 5 1 -6 2 2 -10 2 -8
9 -9 9 -3 -9 -6 3 10 -6 -9
-3 1 -5 -8 2 3 8 -4 7 10
*
10 7
6 -9 -10 -1 6 1 4
0 -7 -4 9 8 -2 10
9 -3 2 0 -3 -4 1
10 2 -1 -9 -6 5 -2
-6 5 -4 8 1 9 -9
1 3 -1 -10 0 -4 -9
0 4 5 -2 -4 3 -8
1 0 -9 0 -2 -8 1
6 8 -2 -7 1 10 2
-5 5 1 -7 -4 1 -8
-
1 1
7
*
1 7
5 4 -4 -3 6 6 6
